1 0.069004 2729
2 0.401654 1502
3 0.404561 141
4 0.731868 1502
5 0.741563 1502
6 0.746538 628
7 5.384982 2974
8 5.385284 177
9 5.751352 1502
10 5.761289 384
11 5.956478 1502
12 5.961739 1502
13 5.967130 781
14 6.371352 2845
15 6.800054 1502
16 6.807955 277
17 6.893055 1502
18 6.897315 1502
19 6.900194 1502
20 6.904211 175
21 10.743007 1502
22 10.745134 1502
23 10.746096 179
24 15.967244 1502
25 15.967920 1502
26 15.973086 1211
27 16.903298 1502
28 16.906746 1502
29 16.909988 245
30 20.753393 1502
31 20.753453 1502
32 20.755380 727
33 25.979500 1502
34 25.981332 1502
35 25.985438 509
36 27.014777 1502
37 27.025782 1502
38 27.026903 1502
39 27.027001 1309
40 30.765555 1502
41 30.771891 1502
42 30.772756 1502
43 30.776942 1277
44 35.989206 1502
45 35.995119 1502
46 36.003055 1309
47 36.926882 1502
48 36.937331 1502
49 36.939309 781
50 40.775576 1502
51 40.780776 1502
52 40.784850 509
53 46.000233 1502
54 46.008245 1502
55 46.014249 245
56 46.937715 1502
57 46.943296 1502
58 46.948251 175
59 50.785904 1502
60 50.794472 1502
61 50.804398 328
62 56.010118 1502
63 56.017904 1391
64 56.948907 1502
65 56.955001 328
66 60.798055 1502
67 60.802054 1502
68 60.804083 175
69 66.020175 1502
70 66.026223 1502
71 66.031863 922
72 66.959880 1502
73 66.965301 1502
74 66.966225 1391
75 70.808777 1502
76 70.809275 1502
77 70.813356 1502
78 70.823378 141
79 76.028095 1502
80 76.031603 1502
81 76.041618 1502
82 76.042446 141
83 76.966128 1502
84 76.969702 1502
85 76.974762 1277
86 80.817945 1502
87 80.823457 1502
88 80.824402 154
89 80.827578 1502
90 80.830934 263
91 86.037208 1502
92 86.041512 1211
93 86.977650 1502
94 86.982491 1502
95 86.992682 1486
96 90.829881 1502
97 90.830356 1502
98 90.835671 1224
99 96.047910 1502
100 96.053725 1502
101 96.062217 918
102 96.989071 1502
103 96.991488 1502
104 96.996043 1229
105 100.841151 1502
106 100.850407 1502
107 100.854654 628
108 106.059770 1502
109 106.064222 1502
110 106.065725 1502
111 106.071767 1211
112 106.998627 1502
113 106.999625 1502
114 107.008781 154
115 110.850923 1502
116 110.854849 1502
117 110.858945 1229
118 116.069785 1502
119 116.072000 175
120 117.001597 1502
121 117.007640 1502
122 117.010027 1502
123 117.019167 1224
124 120.861880 1502
125 120.866260 1502
126 120.867238 154
127 126.080496 1502
128 126.086194 1502
129 126.090124 615
130 127.012951 1502
131 127.022719 1502
132 127.026937 263
133 130.868133 1502
134 130.873346 1502
135 130.878360 1502
136 130.884105 311
137 136.093051 1502
138 136.098697 1502
139 136.102448 1502
140 136.105364 714
141 137.017545 1502
142 137.022939 1502
143 137.023987 495
144 140.878798 1502
145 140.887507 1502
146 140.897299 263
147 146.103645 1502
148 146.107167 1502
149 146.111031 1502
150 146.114117 495
151 147.028480 1502
152 147.034155 1502
153 147.040407 1064
154 150.890089 1502
155 150.899919 1502
156 150.904621 509
157 156.114447 1502
158 156.117576 1502
159 156.118995 1277
160 157.031448 1502
161 157.032980 1502
162 157.037907 1502
163 157.041950 141
164 160.900944 1502
165 160.906415 1502
166 160.915441 1486
167 166.125147 1502
168 166.132657 1502
169 166.140516 1502
170 166.144443 918
171 167.041822 1502
172 167.046507 1502
173 167.056471 263
174 170.911374 1502
175 170.921280 1502
176 170.926242 1277
177 176.136274 1502
178 176.146819 1502
179 176.149649 1502
180 176.157690 1181
181 177.052879 1502
182 177.057565 1502
183 177.061398 1502
184 177.069216 328
185 180.921534 1502
186 180.923384 1502
187 180.924483 1391
188 186.142778 1502
189 186.143316 1502
190 186.145295 1034
191 187.064013 1502
192 187.068362 1502
193 187.076401 1502
194 187.084646 1277
195 190.927045 1502
196 190.929605 1502
197 190.930621 1502
198 190.931702 141
199 196.154779 1502
200 196.163499 1502
201 196.166918 1502
202 196.172410 1277
203 197.074958 1502
204 197.076488 1502
205 197.076547 1502
206 197.081669 311
207 200.937366 1502
208 200.939137 1502
209 200.939237 175
210 206.165207 1502
211 206.169631 1502
212 206.174828 1502
213 206.180987 245
214 207.085704 1502
215 207.090605 1502
216 207.100842 994
217 210.948519 1502
218 210.953688 1502
219 210.963533 1211
220 216.175457 1502
221 216.184368 1502
222 216.194130 495
223 217.096923 1502
224 217.107104 1502
225 217.113348 311
226 220.959363 1502
227 220.963035 1502
228 220.965178 141
229 226.187196 1502
230 226.194549 1033
231 227.107281 1502
232 227.111993 1502
233 227.114047 1502
234 227.123255 615
235 230.970018 1502
236 230.974930 1502
237 230.978985 263
238 236.198051 1502
239 236.203456 1502
240 236.208961 820
241 237.118379 1502
242 237.128166 1502
243 237.128221 1502
244 237.132923 179
245 240.980386 1502
246 240.981029 1502
247 240.990862 714
248 240.991800 1502
249 240.997853 179
250 246.208608 1502
251 246.217248 1502
252 246.223258 727
253 246.224128 1502
254 246.234160 749
255 247.128552 1502
256 247.130597 1502
257 247.134145 263
258 250.991707 1502
259 251.002383 1502
260 251.013106 1502
261 251.013180 179
262 256.220529 1502
263 256.231039 1502
264 256.235976 1502
265 256.241024 1502
266 256.246687 1224
267 257.140223 1502
268 257.144611 1502
269 257.150814 1064
270 261.002754 1502
271 261.010984 1502
272 261.018621 509
273 266.229707 1502
274 266.229823 1502
275 266.233996 1502
276 266.234815 615
277 267.151376 1502
278 267.156922 1502
279 267.165822 1502
280 267.171929 175
281 271.013823 1502
282 271.015880 1502
283 271.022204 1502
284 271.027359 509
285 276.240771 1502
286 276.240829 1502
287 276.248468 1277
288 277.162331 1502
289 277.168137 1502
290 277.169200 1502
291 277.178779 1229
292 281.014355 1502
293 281.016931 1502
294 281.027658 1033
295 286.251495 1502
296 286.254402 1502
297 286.264163 1309
298 287.172948 1502
299 287.183002 1502
300 287.188751 1033
301 291.025202 1502
302 291.030960 263
303 296.262254 1502
304 296.272853 1502
305 296.278147 1455
306 297.184664 1502
307 297.189871 1502
308 297.195794 1502
309 297.205258 1211
310 301.029687 1502
311 301.031362 1502
312 301.041311 628
313 306.274307 1502
314 306.277442 1502
315 306.287480 311
316 307.191076 1502
317 307.196716 918
318 311.041150 1502
319 311.043800 1502
320 311.054575 1309
321 316.276422 1502
322 316.286185 1502
323 316.296136 918
324 317.202948 1502
325 317.205026 1502
326 317.208924 714
327 321.051897 1502
328 321.057747 1502
329 321.065465 1229
330 326.287723 1502
331 326.295216 1502
332 326.300265 1502
333 326.309426 1229
334 327.207904 1502
335 327.213440 1502
336 327.219285 175
337 331.062344 1502
338 331.073295 1502
339 331.083005 615
340 336.299237 1502
341 336.304707 1502
342 336.308696 611
343 337.218797 1502
344 337.224908 1391
345 341.073357 1502
346 341.078024 1502
347 341.079973 154
348 346.307582 1502
349 346.313435 1502
350 346.317380 263
351 347.229842 1502
352 347.235248 1502
353 347.245431 1455
354 351.084169 1502
355 351.089852 1502
356 351.089968 714
357 356.318926 1502
358 356.320328 1502
359 356.324607 1502
360 356.332251 311
361 357.240267 1502
362 357.245117 263
363 361.094608 1502
364 361.100496 1502
365 361.104449 175
366 366.330100 1502
367 366.340692 1502
368 366.350386 509
369 367.251320 1502
370 367.257525 1502
371 367.263478 781
372 371.102754 1502
373 371.104486 1502
374 371.109342 781
375 376.339363 1502
376 376.341358 1502
377 376.342283 1309
378 377.261922 1502
379 377.272304 1502
380 377.273537 1502
381 377.279320 1498