1 0 2729 41824
2 0.401654 1643 41824
3 0.731868 3632 41824
4 5.384982 3151 41832
5 5.751352 1886 41832
6 5.956478 3785 41832
7 6.371352 2845 41840
8 6.800054 4783 41840
9 6.900194 1677 41840
10 10.743007 3183 41824
11 15.967244 4215 41832
12 16.903298 3249 41840
13 20.753393 3731 41824
14 25.979500 3513 41832
15 27.014777 5815 41840
16 30.765555 5783 41824
17 35.989206 4313 41832
18 36.926882 3785 41840
19 40.775576 3513 41824
20 46.000233 3249 41832
21 46.937715 3179 41840
22 50.785904 3332 41824
23 56.010118 2893 41832
24 56.948907 1830 41840
25 60.798055 3179 41824
26 66.020175 3926 41832
27 66.959880 4395 41840
28 70.808777 4647 41824
29 76.028095 4647 41832
30 76.966128 4281 41840
31 80.817945 4923 41824
32 86.037208 2713 41832
33 86.977650 4490 41840
34 90.829881 4228 41824
35 96.047910 3922 41832
36 96.989071 4233 41840
37 100.841151 3632 41824
38 106.059770 5717 41832
39 106.998627 3158 41840
40 110.850923 4233 41824
41 116.069785 1677 41832
42 117.001597 5730 41840
43 120.861880 3158 41824
44 126.080496 3619 41832
45 127.012951 3267 41840
46 130.868133 4817 41824
47 136.093051 5220 41832
48 137.017545 3499 41840
49 140.878798 3267 41824
50 146.103645 5001 41832
51 147.028480 4068 41840
52 150.890089 3513 41824
53 156.114447 4281 41832
54 157.031448 4647 41840
55 160.900944 4490 41824
56 166.125147 5424 41832
57 167.041822 3267 41840
58 170.911374 4281 41824
59 176.136274 5687 41832
60 177.052879 4834 41840
61 180.921534 4395 41824
62 186.142778 4038 41832
63 187.064013 5783 41840
64 190.927045 4647 41824
65 196.154779 5783 41832
66 197.074958 4817 41840
67 200.937366 3179 41824
68 206.165207 4751 41832
69 207.085704 3998 41840
70 210.948519 4215 41824
71 216.175457 3499 41832
72 217.096923 3315 41840
73 220.959363 3145 41824
74 226.187196 2535 41832
75 227.107281 5121 41840
76 230.970018 3267 41824
77 236.198051 3824 41832
78 237.118379 4685 41840
79 240.980386 5399 41824
80 246.208608 5982 41832
81 247.128552 3267 41840
82 250.991707 4685 41824
83 256.220529 7232 41832
84 257.140223 4068 41840
85 261.002754 3513 41824
86 266.229707 5121 41832
87 267.151376 4681 41840
88 271.013823 5015 41824
89 276.240771 4281 41832
90 277.162331 5735 41840
91 281.014355 4037 41824
92 286.251495 4313 41832
93 287.172948 4037 41840
94 291.025202 1765 41824
95 296.262254 4459 41832
96 297.184664 5717 41840
97 301.029687 3632 41824
98 306.274307 3315 41832
99 307.191076 2420 41840
100 311.041150 4313 41824
101 316.276422 3922 41832
102 317.202948 3718 41840
103 321.051897 4233 41824
104 326.287723 5735 41832
105 327.207904 3179 41840
106 331.062344 3619 41824
107 336.299237 3615 41832
108 337.218797 2893 41840
109 341.073357 3158 41824
110 346.307582 3267 41832
111 347.229842 4459 41840
112 351.084169 3718 41824
113 356.318926 4817 41832
114 357.240267 1765 41840
115 361.094608 3179 41824
116 366.330100 3513 41832
117 367.251320 3785 41840
118 371.102754 3785 41824
119 376.339363 4313 41832